company_name,URL1,URL2,URL3
ATW Investment & Services,https://find-and-update.company-information.service.gov.uk/company/10323711,https://www.atwpartners.com/,https://fr.linkedin.com/company/atw-partners-llc
Auberge Resorts,https://aubergeresorts.com/,https://en.wikipedia.org/wiki/Auberge_Resorts,https://www.journalduluxe.fr/fr/lifestyle/auberge-resorts-collection-france-domaine-des-etangs
Auckland Westpac Rescue Helicopter,https://www.rescuehelicopter.org.nz/,https://en.wikipedia.org/wiki/Auckland_Rescue_Helicopter_Trust,https://www.instagram.com/westpacrescueauckland/?hl=en
Auden Techno,https://www.auden.com.tw/en/home-en/,https://markets.ft.com/data/equities/tearsheet/profile?s=3138:TAI,https://finance.yahoo.com/quote/3138.TW/profile/
Audi,https://www.audi.fr/fr/web/fr.html,https://www.audi.com/,https://www.audi.com/en/sport.html
audius,https://audius.co/,https://audius.org/,https://twitter.com/audius?ref_src=twsrc%5Egoogle%7Ctwcamp%5Eserp%7Ctwgr%5Eauthor
Auray Technology,https://www.auray.com.tw/,https://www.o-ran.org/otics/auray-otic-and-security-lab,https://www.yawan-startup.tw/en/News_Content.aspx?n=1529&s=4416
Aurens (Orrence),https://www.filmscoremonthly.com/board/posts.cfm?threadID=145139&forumID=1&archive=0,https://m.facebook.com/laurenscountyschools/photos/a.2043207972512184/2043206049179043/,https://www.pinterest.com/pin/torrence-reversible-jacket--850969292107375491/
Aurora Flight Sciences,https://www.aurora.aero/,https://en.wikipedia.org/wiki/Aurora_Flight_Sciences,https://en.wikipedia.org/wiki/Aurora_Flight_Sciences#History
Aurora Insight,https://www.crunchbase.com/organization/aurora-insight,https://maxar.com/products/rf-solutions,https://fr.linkedin.com/company/aurorainsight?trk=similar-pages_result-card_full-click
